キーX座標[mm],キーY座標[mm],キーX幅[mm],キーY幅[mm],キーストローク[mm],Usage ID,メモ
0.0000,0.0000,19.0500,19.0500,4.0,110,ESC
38.1000,0.0000,19.0500,19.0500,4.0,112,F1
57.1500,0.0000,19.0500,19.0500,4.0,113,F2
76.2000,0.0000,19.0500,19.0500,4.0,114,F3
95.2500,0.0000,19.0500,19.0500,4.0,115,F4
123.8250,0.0000,19.0500,19.0500,4.0,116,F5
142.8750,0.0000,19.0500,19.0500,4.0,117,F6
161.9250,0.0000,19.0500,19.0500,4.0,118,F7
180.9750,0.0000,19.0500,19.0500,4.0,119,F8
209.5500,0.0000,19.0500,19.0500,4.0,120,F9
228.6000,0.0000,19.0500,19.0500,4.0,121,F10
247.6500,0.0000,19.0500,19.0500,4.0,122,F11
266.7000,0.0000,19.0500,19.0500,4.0,123,F12
295.2750,0.0000,19.0500,19.0500,4.0,124,Print Scr.
314.3250,0.0000,19.0500,19.0500,4.0,125,Scroll Lock
333.3750,0.0000,19.0500,19.0500,4.0,126,Pause
0.0000,28.5750,19.0500,19.0500,4.0,1,半角／全角
19.0500,28.5750,19.0500,19.0500,4.0,2,1
38.1000,28.5750,19.0500,19.0500,4.0,3,2
57.1500,28.5750,19.0500,19.0500,4.0,4,3
76.2000,28.5750,19.0500,19.0500,4.0,5,4
95.2500,28.5750,19.0500,19.0500,4.0,6,5
114.3000,28.5750,19.0500,19.0500,4.0,7,6
133.3500,28.5750,19.0500,19.0500,4.0,8,7
152.4000,28.5750,19.0500,19.0500,4.0,9,8
171.4500,28.5750,19.0500,19.0500,4.0,10,9
190.5000,28.5750,19.0500,19.0500,4.0,11,0
209.5500,28.5750,19.0500,19.0500,4.0,12,-
228.6000,28.5750,19.0500,19.0500,4.0,13,^
247.6500,28.5750,19.0500,19.0500,4.0,14,\
266.7000,28.5750,19.0500,19.0500,4.0,15,Back space
0.0000,47.6250,28.5750,19.0500,4.0,16,Tab
28.5750,47.6250,19.0500,19.0500,4.0,17,q
47.6250,47.6250,19.0500,19.0500,4.0,18,w
66.6750,47.6250,19.0500,19.0500,4.0,19,e
85.7250,47.6250,19.0500,19.0500,4.0,20,r
104.7750,47.6250,19.0500,19.0500,4.0,21,t
123.8250,47.6250,19.0500,19.0500,4.0,22,y
142.8750,47.6250,19.0500,19.0500,4.0,23,u
161.9250,47.6250,19.0500,19.0500,4.0,24,I
180.9750,47.6250,19.0500,19.0500,4.0,25,o
200.0250,47.6250,19.0500,19.0500,4.0,26,p
219.0750,47.6250,19.0500,19.0500,4.0,27,@
238.1250,47.6250,19.0500,19.0500,4.0,28,[
0.0000,66.6750,33.3375,19.0500,4.0,30,CapsLk
33.3375,66.6750,19.0500,19.0500,4.0,31,a
52.3875,66.6750,19.0500,19.0500,4.0,32,s
71.4375,66.6750,19.0500,19.0500,4.0,33,d
90.4875,66.6750,19.0500,19.0500,4.0,34,f
109.5375,66.6750,19.0500,19.0500,4.0,35,g
128.5875,66.6750,19.0500,19.0500,4.0,36,h
147.6375,66.6750,19.0500,19.0500,4.0,37,j
166.6875,66.6750,19.0500,19.0500,4.0,38,k
185.7375,66.6750,19.0500,19.0500,4.0,39,l
204.7875,66.6750,19.0500,19.0500,4.0,40,;
223.8375,66.6750,19.0500,19.0500,4.0,41,:
242.8875,66.6750,19.0500,19.0500,4.0,42,]
261.9375,66.6750,23.8125,19.0500,4.0,43,Enter
257.1750,47.6250,28.5750,19.0500,4.0,43,Enter
0.0000,85.7250,42.8625,19.0500,4.0,44,Shift(left)
42.8625,85.7250,19.0500,19.0500,4.0,46,z
61.9125,85.7250,19.0500,19.0500,4.0,47,x
80.9625,85.7250,19.0500,19.0500,4.0,48,c
100.0125,85.7250,19.0500,19.0500,4.0,49,v
119.0625,85.7250,19.0500,19.0500,4.0,50,b
138.1125,85.7250,19.0500,19.0500,4.0,51,n
157.1625,85.7250,19.0500,19.0500,4.0,52,m
176.2125,85.7250,19.0500,19.0500,4.0,53,","
195.2625,85.7250,19.0500,19.0500,4.0,54,.
214.3125,85.7250,19.0500,19.0500,4.0,55,/
233.3625,85.7250,19.0500,19.0500,4.0,56,\
252.4125,85.7250,33.3375,19.0500,4.0,57,Shift(right)
0.0000,104.7750,28.5750,19.0500,4.0,58,Ctrl(left)
28.5750,104.7750,19.0500,19.0500,4.0,127,Win.(left)
47.6250,104.7750,28.5750,19.0500,4.0,60,Alt(left)
76.2000,104.7750,19.0500,19.0500,4.0,131,無変換
95.2500,104.7750,47.6250,19.0500,4.0,61,Space
142.8750,104.7750,28.5750,19.0500,4.0,132,変換
171.4500,104.7750,19.0500,19.0500,4.0,133,カタカナひらがな
190.5000,104.7750,28.5750,19.0500,4.0,62,Alt(right)
219.0750,104.7750,19.0500,19.0500,4.0,128,Win.(right)
238.1250,104.7750,19.0500,19.0500,4.0,129,App.
257.1750,104.7750,28.5750,19.0500,4.0,64,Ctrl(right)
295.2750,28.5750,19.0500,19.0500,4.0,75,Insert
295.2750,47.6250,19.0500,19.0500,4.0,76,Delete
314.3250,28.5750,19.0500,19.0500,4.0,80,Home
314.3250,47.6250,19.0500,19.0500,4.0,81,End
333.3750,28.5750,19.0500,19.0500,4.0,85,Page Up
333.3750,47.6250,19.0500,19.0500,4.0,86,Page Down
314.3250,85.7250,19.0500,19.0500,4.0,83,↑
295.2750,104.7750,19.0500,19.0500,4.0,79,←
314.3250,104.7750,19.0500,19.0500,4.0,84,↓
333.3750,104.7750,19.0500,19.0500,4.0,89,→
361.9500,28.5750,19.0500,19.0500,4.0,90,Num Lock
381.0000,28.5750,19.0500,19.0500,4.0,95,Num /
400.0500,28.5750,19.0500,19.0500,4.0,100,Num *
419.1000,28.5750,19.0500,19.0500,4.0,105,Num -
419.1000,47.6250,19.0500,38.1000,4.0,106,Num +
419.1000,85.7250,19.0500,38.1000,4.0,108,Num Enter
361.9500,47.6250,19.0500,19.0500,4.0,91,Num 7
381.0000,47.6250,19.0500,19.0500,4.0,96,Num 8
400.0500,47.6250,19.0500,19.0500,4.0,101,Num 9
361.9500,66.6750,19.0500,19.0500,4.0,92,Num 4
381.0000,66.6750,19.0500,19.0500,4.0,97,Num 5
400.0500,66.6750,19.0500,19.0500,4.0,102,Num 6
361.9500,85.7250,19.0500,19.0500,4.0,93,Num 1
381.0000,85.7250,19.0500,19.0500,4.0,98,Num 2
400.0500,85.7250,19.0500,19.0500,4.0,103,Num 3
361.9500,104.7750,38.1000,19.0500,4.0,99,Num 0
400.0500,104.7750,19.0500,19.0500,4.0,104,Num .
